0 0 1 0 9223372036854775782 0 0 0 0 0 4513723739617592166 0 0 0 0 0 0 0 0 0 0 
0 0 0 1 9223372036854775782 0 0 0 0 0 3695321330722688124 0 0 0 0 0 0 0 0 0 0 
0 0 0 0 0 1 0 0 0 0 0 0 0 0 0 0 0 0 0 0 8406193753987054928 
0 0 0 0 0 0 1 0 0 0 0 0 0 0 0 0 0 0 0 0 8406193753987054928 
0 0 0 0 0 0 0 1 0 0 9223372036854775782 0 0 0 0 0 0 0 0 0 0 
0 0 0 0 0 0 0 0 1 9223372036854775782 0 0 0 0 0 0 0 0 0 0 0 
0 0 0 0 0 0 0 0 0 0 0 1 0 0 0 0 0 0 0 0 7750772756419022806 
0 0 0 0 0 0 0 0 0 0 0 0 1 0 0 0 0 0 0 0 7750772756419022806 
0 0 0 0 0 0 0 0 0 0 0 0 0 1 0 0 0 0 0 0 7589015471119334073 
0 0 0 0 0 0 0 0 0 0 0 0 0 0 1 0 0 0 0 0 9223372036854775781 
0 0 0 0 0 0 0 0 0 0 0 0 0 0 0 1 0 0 0 0 9223372036854775781 
