1 642294106243498278 0 0 0 0 0 0 0 2693781388566953581 0 0 0 0 0 0 4472221220997913426 0 
0 0 1 0 0 0 0 0 0 0 0 0 0 0 0 0 0 2672099790019837215 
0 0 0 1 0 0 0 0 0 0 0 0 0 0 0 0 0 2672099790019837215 
0 0 0 0 1 0 0 0 0 642294106243498278 0 0 0 0 0 0 0 8902224983733026643 
0 0 0 0 0 1 0 0 0 642294106243498278 0 0 0 0 0 0 0 8902224983733026643 
0 0 0 0 0 0 1 0 0 0 0 0 0 0 0 0 2813371755860867753 3737900490974070813 
0 0 0 0 0 0 0 1 0 0 0 0 0 0 0 0 2813371755860867753 3737900490974070813 
0 0 0 0 0 0 0 0 1 9223372036854775782 0 0 0 0 0 0 0 0 
0 0 0 0 0 0 0 0 0 0 1 0 0 0 0 0 0 5344199580039674430 
0 0 0 0 0 0 0 0 0 0 0 1 0 0 0 0 0 9223372036854775781 
0 0 0 0 0 0 0 0 0 0 0 0 1 0 0 0 0 9223372036854775781 
