1 0 850550776120961523 0 0 0 0 0 0 0 0 0 0 0 0 0 0 0 0 1390778209521903064 0 7522270484612852737 
0 1 2851420761350983532 0 0 0 0 0 0 0 0 0 0 0 0 0 0 0 0 7617634922663220174 0 5869426345418648060 
0 0 0 1 0 0 0 0 0 0 0 0 0 0 0 0 0 0 0 8527982932093824251 0 9223372036854775782 
0 0 0 0 1 0 0 0 0 0 0 0 0 0 0 0 0 0 0 8527982932093824249 0 9223372036854775782 
0 0 0 0 0 1 0 0 0 0 0 0 0 0 0 0 0 0 0 0 0 0 
0 0 0 0 0 0 1 0 0 0 0 0 0 0 0 0 0 0 0 0 0 0 
0 0 0 0 0 0 0 1 0 0 0 0 0 0 0 0 0 0 0 0 0 9223372036854775781 
0 0 0 0 0 0 0 0 1 0 0 0 0 0 0 0 0 0 0 0 0 9223372036854775781 
0 0 0 0 0 0 0 0 0 1 0 0 0 0 0 0 0 0 0 0 0 1390778209521903064 
0 0 0 0 0 0 0 0 0 0 1 0 0 0 0 0 0 0 0 0 0 1390778209521903064 
0 0 0 0 0 0 0 0 0 0 0 1 0 0 0 0 0 0 0 0 0 2348895831265839341 
0 0 0 0 0 0 0 0 0 0 0 0 1 0 0 0 0 0 0 0 0 0 
0 0 0 0 0 0 0 0 0 0 0 0 0 1 0 0 0 0 0 0 0 0 
0 0 0 0 0 0 0 0 0 0 0 0 0 0 1 0 0 0 0 0 0 9223372036854775782 
0 0 0 0 0 0 0 0 0 0 0 0 0 0 0 1 0 0 0 0 0 9223372036854775782 
