0 0 1 0 0 0 0 0 0 0 0 0 0 0 0 0 0 0 5817816097510760777 2413177374921571070 
0 0 0 1 0 0 0 0 0 0 0 0 0 0 0 0 0 0 266026318669516928 9223372036854775782 
0 0 0 0 1 0 0 0 0 0 0 0 0 0 0 0 0 0 266026318669516929 9223372036854775782 
0 0 0 0 0 1 9223372036854775782 0 0 0 0 0 0 0 0 0 0 0 0 0 
0 0 0 0 0 0 0 1 0 0 0 0 0 0 0 0 0 0 0 8957345718185258853 
0 0 0 0 0 0 0 0 1 0 0 0 0 0 0 0 0 0 0 8957345718185258853 
0 0 0 0 0 0 0 0 0 1 0 0 0 0 0 0 0 0 0 5289715743924128628 
0 0 0 0 0 0 0 0 0 0 1 0 0 0 0 0 0 0 0 5289715743924128628 
0 0 0 0 0 0 0 0 0 0 0 1 0 0 0 0 0 0 0 9223372036854775781 
0 0 0 0 0 0 0 0 0 0 0 0 1 0 0 0 0 0 0 9223372036854775781 
0 0 0 0 0 0 0 0 0 0 0 0 0 1 0 0 0 0 0 9223372036854775782 
0 0 0 0 0 0 0 0 0 0 0 0 0 0 1 0 0 0 0 9223372036854775782 
0 0 0 0 0 0 0 0 0 0 0 0 0 0 0 1 0 0 0 8691319399515741923 
0 0 0 0 0 0 0 0 0 0 0 0 0 0 0 0 1 0 0 8691319399515741923 
0 0 0 0 0 0 0 0 0 0 0 0 0 0 0 0 0 1 0 9223372036854775782 
