8957345718185258854 8957345718185258855 3405555939344015006 8800965171862441925 5923606384095306680 1 1 532052637339033860 1 2 532052637339033860 1 2 3933656292930647155 3933656292930647155 266026318669516930 3139245009039429585 1 1 266026318669516930 3139245009039429585 6810194661933204713 2804591368089644124 4678479544785321177 1
8957345718185258854 8957345718185258855 3405555939344015006 1337621829160554802 3927130144593934728 1 1 532052637339033860 1 2 532052637339033860 1 2 3933656292930647155 3933656292930647155 266026318669516930 6163740614586328225 1 1 266026318669516930 6163740614586328225 6810194661933204713 7867992680082216263 2895456935769937718 1
8957345718185258854 8957345718185258855 3405555939344015006 5501335832745747006 8718598465956745815 1 1 532052637339033860 1 2 532052637339033860 1 2 3933656292930647155 3933656292930647155 266026318669516930 2832176315656188300 1 1 266026318669516930 2832176315656188300 6810194661933204713 1033122888453652882 2417929734484695400 1
8957345718185258854 8957345718185258855 3405555939344015006 8334512903385295115 3357056651071919175 1 1 532052637339033860 1 2 532052637339033860 1 2 3933656292930647155 3933656292930647155 266026318669516930 9068291541470851234 1 1 266026318669516930 9068291541470851234 6810194661933204713 5290413182006171531 2948669007877268261 1
8957345718185258854 8957345718185258855 3405555939344015006 3486322516860948953 5449300516589411726 1 1 532052637339033860 1 2 532052637339033860 1 2 3933656292930647155 3933656292930647155 266026318669516930 4515054077543860331 1 1 266026318669516930 4515054077543860331 6810194661933204713 8252402470853998664 7793049474313282766 1
8957345718185258854 8957345718185258855 3405555939344015006 5555800737572310306 954577920527657226 1 1 532052637339033860 1 2 532052637339033860 1 2 3933656292930647155 3933656292930647155 266026318669516930 2375833048401328269 1 1 266026318669516930 2375833048401328269 6810194661933204713 650662511640688910 4297799276892811688 1
8957345718185258854 8957345718185258855 3405555939344015006 1028343753785907203 8113875825431800507 1 1 532052637339033860 1 2 532052637339033860 1 2 3933656292930647155 3933656292930647155 266026318669516930 8506982873225903602 1 1 266026318669516930 8506982873225903602 6810194661933204713 95663216389443102 8547092249556337378 1
8957345718185258854 8957345718185258855 3405555939344015006 2258897115865867244 2135275938456673093 1 1 532052637339033860 1 2 532052637339033860 1 2 3933656292930647155 3933656292930647155 266026318669516930 6975466372769319738 1 1 266026318669516930 6975466372769319738 6810194661933204713 8616235670873230532 1439822423242599964 1
8957345718185258854 8957345718185258855 3405555939344015006 3838629450385241775 8648078430668021496 1 1 532052637339033860 1 2 532052637339033860 1 2 3933656292930647155 3933656292930647155 266026318669516930 2402927009545540145 1 1 266026318669516930 2402927009545540145 6810194661933204713 2194977434003451627 8684819697386787067 1
8957345718185258854 8957345718185258855 3405555939344015006 8026300799811944287 2192503938537653979 1 1 532052637339033860 1 2 532052637339033860 1 2 3933656292930647155 3933656292930647155 266026318669516930 3375402333288334390 1 1 266026318669516930 3375402333288334390 6810194661933204713 2231073044651109665 5702639789782228123 1
8957345718185258854 8957345718185258855 3405555939344015006 3039746114166359506 6132030227176687299 1 1 532052637339033860 1 2 532052637339033860 1 2 3933656292930647155 3933656292930647155 266026318669516930 3051217597007048716 1 1 266026318669516930 3051217597007048716 6810194661933204713 4528560139506876411 1105285867791607188 1
8957345718185258854 8957345718185258855 3405555939344015006 5168111913243447709 4725405427550954272 1 1 532052637339033860 1 2 532052637339033860 1 2 3933656292930647155 3933656292930647155 266026318669516930 550953811903497076 1 1 266026318669516930 550953811903497076 6810194661933204713 157909900106938133 5494074075587924882 1
