6074934392455012940 532052637339033860 5127471954257308807
6074934392455012940 532052637339033860 265408680016528604
6074934392455012940 532052637339033860 5442457650061201286
6074934392455012940 532052637339033860 8847710539862317469
6074934392455012940 532052637339033860 5104970272580383307
6074934392455012940 532052637339033860 1642889718405313109
6074934392455012940 532052637339033860 2899283660480105152
6074934392455012940 532052637339033860 4564623327287669739
6074934392455012940 532052637339033860 5665380101012724313
6074934392455012940 532052637339033860 4527050705051863732
6074934392455012940 532052637339033860 4993195087133296767
6074934392455012940 532052637339033860 2626105978242282184
