0 1 0 0 0 0 0 0 0 6654773564464244516 0 0 0 0 4932438071768321241 2568598472390531266 0 0 
0 0 1 0 0 0 0 0 0 0 0 0 0 0 0 0 0 4509306581921017245 
0 0 0 1 0 0 0 0 0 0 0 0 0 0 0 0 0 4509306581921017245 
0 0 0 0 1 0 0 0 0 0 0 0 0 0 0 5393161184318017910 0 0 
0 0 0 0 0 1 0 0 0 7660421705073515746 0 0 0 0 0 0 0 5393161184318017909 
0 0 0 0 0 0 1 0 0 7660421705073515746 0 0 0 0 0 0 0 5393161184318017909 
0 0 0 0 0 0 0 1 0 0 0 0 0 0 0 5393161184318017910 0 0 
0 0 0 0 0 0 0 0 1 9223372036854775782 0 0 0 0 0 0 0 0 
0 0 0 0 0 0 0 0 0 0 1 0 0 0 0 0 0 9018613163842034490 
0 0 0 0 0 0 0 0 0 0 0 1 0 0 0 0 0 9223372036854775781 
0 0 0 0 0 0 0 0 0 0 0 0 1 0 0 0 0 9223372036854775781 
