0 1 0 0 0 0 0 0 0 0 6628840661952583478 0 801006083904152954 0 0 0 0 0 0 0 0 8166548830371410079 0 1793525290998039350 0 0 
0 0 1 0 0 0 0 0 0 0 6100429058710900625 0 0 0 0 0 0 0 0 0 0 0 0 0 0 9223372036854775782 
0 0 0 1 0 0 0 0 0 0 0 0 0 0 0 0 0 0 0 0 0 0 0 0 0 6100429058710900626 
0 0 0 0 1 0 0 0 0 0 0 0 0 0 0 0 0 0 0 0 0 0 0 1208087429780018100 0 4395196797450521528 
0 0 0 0 0 1 0 0 0 0 3620087809624236152 0 0 0 0 0 0 0 0 0 0 0 0 0 0 9223372036854775782 
0 0 0 0 0 0 1 0 0 0 0 0 7240175619248472308 0 0 0 0 0 0 0 0 0 0 0 0 5603284227230539629 
0 0 0 0 0 0 0 1 0 0 0 0 0 0 0 0 0 0 0 0 0 0 0 775108987826285375 0 4828175239404254254 
0 0 0 0 0 0 0 0 1 0 0 0 0 0 0 0 0 0 0 0 0 0 0 0 0 3620087809624236153 
0 0 0 0 0 0 0 0 0 1 0 0 2977486080567025471 0 0 0 0 0 0 0 0 0 0 0 0 3122942978143875156 
0 0 0 0 0 0 0 0 0 0 0 1 9223372036854775782 0 0 0 0 0 0 0 0 0 0 0 0 0 
0 0 0 0 0 0 0 0 0 0 0 0 0 1 0 0 0 0 0 0 0 0 0 0 0 2977486080567025469 
0 0 0 0 0 0 0 0 0 0 0 0 0 0 1 0 0 0 0 0 0 0 0 0 0 9223372036854775781 
0 0 0 0 0 0 0 0 0 0 0 0 0 0 0 1 0 0 0 0 0 0 0 0 0 9223372036854775781 
0 0 0 0 0 0 0 0 0 0 0 0 0 0 0 0 1 0 0 0 0 0 0 0 0 7240175619248472306 
0 0 0 0 0 0 0 0 0 0 0 0 0 0 0 0 0 1 0 0 0 0 0 0 0 0 
0 0 0 0 0 0 0 0 0 0 0 0 0 0 0 0 0 0 1 0 0 0 0 0 0 0 
0 0 0 0 0 0 0 0 0 0 0 0 0 0 0 0 0 0 0 1 0 0 0 0 0 9223372036854775782 
