0 1 2859212197433816669 0 0 0 0 0 0 0 7789194020594662803 0 0 0 0 0 0 0 0 0 0 0 6986839866074597783 0 
0 0 0 1 0 0 0 0 0 0 0 0 0 0 0 0 0 0 0 0 0 0 0 1136757298587722894 
0 0 0 0 1 0 0 0 0 0 2859212197433816669 0 0 0 0 0 0 0 0 0 0 0 0 3182079919710479557 
0 0 0 0 0 1 0 0 0 0 0 0 0 0 0 0 0 0 0 0 0 0 8983500098540868159 8326486676580960512 
0 0 0 0 0 0 1 0 0 0 0 0 0 0 0 0 0 0 0 0 0 0 7189729377993237617 896885360273815270 
0 0 0 0 0 0 0 1 0 0 0 0 0 0 0 0 0 0 0 0 0 0 0 6041292117144296225 
0 0 0 0 0 0 0 0 1 0 2273514597175445790 0 0 0 0 0 0 0 0 0 0 0 0 8086614738267052888 
0 0 0 0 0 0 0 0 0 1 9223372036854775782 0 0 0 0 0 0 0 0 0 0 0 0 0 
0 0 0 0 0 0 0 0 0 0 0 1 0 0 0 0 0 0 0 0 0 0 0 2273514597175445788 
0 0 0 0 0 0 0 0 0 0 0 0 1 0 0 0 0 0 0 0 0 0 0 9223372036854775781 
0 0 0 0 0 0 0 0 0 0 0 0 0 1 0 0 0 0 0 0 0 0 0 0 
0 0 0 0 0 0 0 0 0 0 0 0 0 0 1 0 0 0 0 0 0 0 0 9223372036854775781 
0 0 0 0 0 0 0 0 0 0 0 0 0 0 0 1 0 0 0 0 0 0 0 2859212197433816667 
0 0 0 0 0 0 0 0 0 0 0 0 0 0 0 0 1 0 0 0 0 0 0 0 
0 0 0 0 0 0 0 0 0 0 0 0 0 0 0 0 0 1 0 0 0 0 0 9223372036854775782 
