4728740796569207882 2584967201917795657 1082569653961480137
4728740796569207882 2584967201917795657 8699393611192853878
4728740796569207882 2584967201917795657 9132834038630611294
4728740796569207882 2584967201917795657 5017443097860241819
4728740796569207882 2584967201917795657 8300438450564890941
4728740796569207882 2584967201917795657 68140320143106459
4728740796569207882 2584967201917795657 8470413846314441142
4728740796569207882 2584967201917795657 4747212592862723980
4728740796569207882 2584967201917795657 4822779228724642127
4728740796569207882 2584967201917795657 8923022008586449270
4728740796569207882 2584967201917795657 5120672567642738628
4728740796569207882 2584967201917795657 5215055610619819964
