1 1993151689956430285 1 6977070750656759940 6977070750656759940 7550095806914283019 1822663847133290235 5334207042430213630 1 8024154577117640947 8024154577117640947 535377381466630505 2793190313199369455 535377381466630505 2793190313199369455 1 2 2 548109641950778810 2206372782047121153 925162638761745433 8675834705272829925 274054820975389405 925162638761745433 2206372782047121153 8675834705272829925 274054820975389405 5088469856556435752 7174473131288051753 5088469856556435752 7174473131288051753 6708170509264360976 1
1 1993151689956430285 1 6977070750656759940 6977070750656759940 6826032791399226189 9164288167133883651 5334207042430213630 1 8024154577117640947 8024154577117640947 7488372912469935696 7976058345373892858 7488372912469935696 7976058345373892858 1 2 2 548109641950778810 9041432421318082231 925162638761745433 232549582555201376 274054820975389405 925162638761745433 9041432421318082231 232549582555201376 274054820975389405 612494908908549532 7304527355670048801 612494908908549532 7304527355670048801 6924831546344964015 1
1 1993151689956430285 1 6977070750656759940 6977070750656759940 6826766807134554290 1730954560726729800 5334207042430213630 1 8024154577117640947 8024154577117640947 6282259587586122145 4540709357646648407 6282259587586122145 4540709357646648407 1 2 2 548109641950778810 3382630686550312944 925162638761745433 538354016338794666 274054820975389405 925162638761745433 3382630686550312944 538354016338794666 274054820975389405 5383233600172676296 209465062018138175 5383233600172676296 209465062018138175 9072402096444426858 1
1 1993151689956430285 1 6977070750656759940 6977070750656759940 7577739758089898510 573185185651943279 5334207042430213630 1 8024154577117640947 8024154577117640947 823817410897054458 8147969317466098586 823817410897054458 8147969317466098586 1 2 2 548109641950778810 7439995988056702604 925162638761745433 8079295205060712204 274054820975389405 925162638761745433 7439995988056702604 8079295205060712204 274054820975389405 4388185969416822085 882801009088256041 4388185969416822085 882801009088256041 5193219348036800154 1
1 1993151689956430285 1 6977070750656759940 6977070750656759940 8853007999789366213 5985243086603106522 5334207042430213630 1 8024154577117640947 8024154577117640947 2657057059602513869 953660028392818399 2657057059602513869 953660028392818399 1 2 2 548109641950778810 1281095951703210755 925162638761745433 5644164348741321860 274054820975389405 925162638761745433 1281095951703210755 5644164348741321860 274054820975389405 5502844738482279934 98227189710859083 5502844738482279934 98227189710859083 1264368689878044213 1
1 1993151689956430285 1 6977070750656759940 6977070750656759940 6862847593358538272 4247764267086032033 5334207042430213630 1 8024154577117640947 8024154577117640947 3128083120674039674 1159998836097337787 3128083120674039674 1159998836097337787 1 2 2 548109641950778810 7352762039854296834 925162638761745433 8623801025626296929 274054820975389405 925162638761745433 7352762039854296834 8623801025626296929 274054820975389405 384975002003014677 8263228555265900475 384975002003014677 8263228555265900475 2520698914523432318 1
1 1993151689956430285 1 6977070750656759940 6977070750656759940 8893473971658042271 318958874617486538 5334207042430213630 1 8024154577117640947 8024154577117640947 1986097164509738835 8819568815020490335 1986097164509738835 8819568815020490335 1 2 2 548109641950778810 355122563849706493 925162638761745433 7315746906264639115 274054820975389405 925162638761745433 355122563849706493 7315746906264639115 274054820975389405 566194022821252589 500924202297878063 566194022821252589 500924202297878063 1785575504347394857 1
1 1993151689956430285 1 6977070750656759940 6977070750656759940 2275620211215797040 2240218588776839913 5334207042430213630 1 8024154577117640947 8024154577117640947 3315402323060058845 987046677831126033 3315402323060058845 987046677831126033 1 2 2 548109641950778810 6553600882639320513 925162638761745433 5454377049616422058 274054820975389405 925162638761745433 6553600882639320513 5454377049616422058 274054820975389405 4209702239901885787 4769092853207548354 4209702239901885787 4769092853207548354 167544646943151255 1
1 1993151689956430285 1 6977070750656759940 6977070750656759940 2226948086338699151 1087576745694981240 5334207042430213630 1 8024154577117640947 8024154577117640947 4667746459296933869 220679776135504652 4667746459296933869 220679776135504652 1 2 2 548109641950778810 6611101931863435922 925162638761745433 1870642043978561056 274054820975389405 925162638761745433 6611101931863435922 1870642043978561056 274054820975389405 1947953424310502000 6213404978590980620 1947953424310502000 6213404978590980620 1632883420181032605 1
1 1993151689956430285 1 6977070750656759940 6977070750656759940 3369344942531492239 7039258562835816777 5334207042430213630 1 8024154577117640947 8024154577117640947 5574838234635064791 2185493100811213700 5574838234635064791 2185493100811213700 1 2 2 548109641950778810 223648549942722621 925162638761745433 6203835994567800697 274054820975389405 925162638761745433 223648549942722621 6203835994567800697 274054820975389405 7925613844975098335 1177518432078235558 7925613844975098335 1177518432078235558 6749731554793293852 1
1 1993151689956430285 1 6977070750656759940 6977070750656759940 5591262715487022254 4975701661788903762 5334207042430213630 1 8024154577117640947 8024154577117640947 224635432922104782 7606903069071509007 224635432922104782 7606903069071509007 1 2 2 548109641950778810 9201090691033891941 925162638761745433 8018773284988768100 274054820975389405 925162638761745433 9201090691033891941 8018773284988768100 274054820975389405 5502397113032227347 6135983669042904089 5502397113032227347 6135983669042904089 3389391333164382201 1
1 1993151689956430285 1 6977070750656759940 6977070750656759940 3006622315295316118 4792872599482888644 5334207042430213630 1 8024154577117640947 8024154577117640947 8367128191088201016 2564474564570742391 8367128191088201016 2564474564570742391 1 2 2 548109641950778810 8755764267994720222 925162638761745433 1180010249591564157 274054820975389405 925162638761745433 8755764267994720222 1180010249591564157 274054820975389405 1221929142223222254 4003574070688579937 1221929142223222254 4003574070688579937 7557160192738886333 1
