3967067466040544707 5473839903087343949 545975546402932664
3967067466040544707 5473839903087343949 6837648534826080411
3967067466040544707 5473839903087343949 245245165856399281
3967067466040544707 5473839903087343949 100317790104209811
3967067466040544707 5473839903087343949 5577408428724066186
3967067466040544707 5473839903087343949 8233700138465094501
3967067466040544707 5473839903087343949 1649238590908598538
3967067466040544707 5473839903087343949 1320032222808785353
3967067466040544707 5473839903087343949 643920953960458224
3967067466040544707 5473839903087343949 4542878741841345260
3967067466040544707 5473839903087343949 181420008106205886
3967067466040544707 5473839903087343949 4815836322764599075
