1634356565735441709 8709198378329896462 6094005351744237956
1634356565735441709 8709198378329896462 5657451109756895654
1634356565735441709 8709198378329896462 6210381101861788370
1634356565735441709 8709198378329896462 8983760769628519021
1634356565735441709 8709198378329896462 4422320319748865283
1634356565735441709 8709198378329896462 3462288530772179353
1634356565735441709 8709198378329896462 8874789700612650447
1634356565735441709 8709198378329896462 8474760262097993670
1634356565735441709 8709198378329896462 6009499252573288096
1634356565735441709 8709198378329896462 2399606290418050834
1634356565735441709 8709198378329896462 6220092650799121201
1634356565735441709 8709198378329896462 2390817135517321949
