1 0 0 0 0 0 0 0 0 0 0 0 0 0 0 0 0 0 551984726592428303 
0 1 0 0 0 0 0 0 2352979684118067394 0 0 0 0 0 0 0 0 0 4494631240285567900 
0 0 0 1 0 0 0 0 0 0 0 0 0 0 0 0 0 0 4473971850436406528 
0 0 0 0 1 0 0 0 1292483600958897828 0 0 0 0 0 0 0 0 0 9223372036854775782 
0 0 0 0 0 1 0 0 0 0 0 0 0 0 0 0 0 0 2584967201917795656 
0 0 0 0 0 0 1 0 0 0 0 0 0 0 0 0 0 0 0 
0 0 0 0 0 0 0 1 0 0 0 0 0 0 0 0 0 0 9223372036854775781 
0 0 0 0 0 0 0 0 0 1 0 0 0 0 0 0 0 0 4494631240285567900 
0 0 0 0 0 0 0 0 0 0 1 0 0 0 0 0 0 0 0 
0 0 0 0 0 0 0 0 0 0 0 1 0 0 0 0 0 0 0 
0 0 0 0 0 0 0 0 0 0 0 0 1 0 0 0 0 0 9223372036854775782 
