6610770509458034425 2612601527396741359 9115581253490129916 5979976265027560552 1601098405799806782 1
6610770509458034425 2612601527396741359 4566549785695566957 5979976265027560552 1601098405799806782 1
6610770509458034425 2612601527396741359 7606673233316132535 5979976265027560552 1601098405799806782 1
6610770509458034425 2612601527396741359 1928399616564626419 5979976265027560552 1601098405799806782 1
6610770509458034425 2612601527396741359 506489144445500629 5979976265027560552 1601098405799806782 1
6610770509458034425 2612601527396741359 4764924492216106442 5979976265027560552 1601098405799806782 1
6610770509458034425 2612601527396741359 6344719742203326625 5979976265027560552 1601098405799806782 1
6610770509458034425 2612601527396741359 4855966057821905919 5979976265027560552 1601098405799806782 1
6610770509458034425 2612601527396741359 3791308781602983840 5979976265027560552 1601098405799806782 1
6610770509458034425 2612601527396741359 4626307816393726543 5979976265027560552 1601098405799806782 1
6610770509458034425 2612601527396741359 8413037257292061144 5979976265027560552 1601098405799806782 1
6610770509458034425 2612601527396741359 775368035215905927 5979976265027560552 1601098405799806782 1
