1728648661398751477 3998168982061293065 4580568528976474874
1728648661398751477 3998168982061293065 8067486327838735676
1728648661398751477 3998168982061293065 1100516553770112297
1728648661398751477 3998168982061293065 3389202153788500014
1728648661398751477 3998168982061293065 6771434618303925481
1728648661398751477 3998168982061293065 779770559962621085
1728648661398751477 3998168982061293065 8217019491346188086
1728648661398751477 3998168982061293065 8924265628908553273
1728648661398751477 3998168982061293065 7803960218565929873
1728648661398751477 3998168982061293065 3272974088179585339
1728648661398751477 3998168982061293065 5904258293409266582
1728648661398751477 3998168982061293065 5649538995760733064
