1213999774415836780 6268047003770742709 3508281213648868415
1213999774415836780 6268047003770742709 8720817562935209115
1213999774415836780 6268047003770742709 5513019385047984286
1213999774415836780 6268047003770742709 948455841815449443
1213999774415836780 6268047003770742709 3628208639462812693
1213999774415836780 6268047003770742709 8038481026665088773
1213999774415836780 6268047003770742709 4001717356421023413
1213999774415836780 6268047003770742709 753174547319219631
1213999774415836780 6268047003770742709 5636057106982283161
1213999774415836780 6268047003770742709 5716768841042493492
1213999774415836780 6268047003770742709 7938385345899138287
1213999774415836780 6268047003770742709 927988319278046801
