0 1 0 0 0 0 0 0 0 0 0 0 0 0 0 0 5929293037689977931 1355947028074086215 
0 0 1 0 0 0 0 0 0 0 0 0 0 0 0 0 0 5770899787357654206 
0 0 0 1 0 0 0 0 0 0 0 0 0 0 0 0 0 5770899787357654206 
0 0 0 0 1 9223372036854775782 0 0 0 0 0 0 0 0 0 0 0 0 
0 0 0 0 0 0 1 0 0 0 0 0 0 0 0 0 4153696989983380356 8522147296368517002 
0 0 0 0 0 0 0 1 0 0 0 0 0 0 0 0 4153696989983380356 8522147296368517002 
0 0 0 0 0 0 0 0 1 0 0 0 0 0 0 0 0 5382844529967998136 
0 0 0 0 0 0 0 0 0 1 0 0 0 0 0 0 0 5382844529967998136 
0 0 0 0 0 0 0 0 0 0 1 0 0 0 0 0 0 2318427537860532629 
0 0 0 0 0 0 0 0 0 0 0 1 0 0 0 0 0 9223372036854775781 
0 0 0 0 0 0 0 0 0 0 0 0 1 0 0 0 0 9223372036854775781 
