7455662832060774456 1562950331781260037 7426388497491960263
7455662832060774456 1562950331781260037 4136681521998785456
7455662832060774456 1562950331781260037 8699880735012878634
7455662832060774456 1562950331781260037 3608146789448838557
7455662832060774456 1562950331781260037 379292129736675028
7455662832060774456 1562950331781260037 5805159987852079178
7455662832060774456 1562950331781260037 8310922086424584730
7455662832060774456 1562950331781260037 2943567391997907450
7455662832060774456 1562950331781260037 8821395821081087094
7455662832060774456 1562950331781260037 5923094922223755126
7455662832060774456 1562950331781260037 6843226467360778391
7455662832060774456 1562950331781260037 8868665584798012985
