575489801500228928 2698791760681200802 4497375715256366671
575489801500228928 2698791760681200802 2677619183194926812
575489801500228928 2698791760681200802 4920981303458434889
575489801500228928 2698791760681200802 964090059643775398
575489801500228928 2698791760681200802 4702770659329920493
575489801500228928 2698791760681200802 1949801542391680151
575489801500228928 2698791760681200802 7078764349838759517
575489801500228928 2698791760681200802 8668990855765216452
575489801500228928 2698791760681200802 1052232496527467496
575489801500228928 2698791760681200802 3824088744929665710
575489801500228928 2698791760681200802 1309572804881722425
575489801500228928 2698791760681200802 8764142932622287681
