7873976156514175383 7873976156514175384 1919475735005311236 4300798996501710621 6662709666906908662 1 1 2698791760681200802 1 2 2698791760681200802 1 2 1 1 4179246928858025338 1618152822985294486 6983302984378186607 1
7873976156514175383 7873976156514175384 1919475735005311236 8702224854115169262 6662709666906908662 1 1 2698791760681200802 1 2 2698791760681200802 1 2 1 1 4179246928858025338 6274693983359593900 6983302984378186607 1
7873976156514175383 7873976156514175384 1919475735005311236 3994219729741008074 6662709666906908662 1 1 2698791760681200802 1 2 2698791760681200802 1 2 1 1 4179246928858025338 7381839058064348749 6983302984378186607 1
7873976156514175383 7873976156514175384 1919475735005311236 6843639049939975933 6662709666906908662 1 1 2698791760681200802 1 2 2698791760681200802 1 2 1 1 4179246928858025338 8579279352118979716 6983302984378186607 1
7873976156514175383 7873976156514175384 1919475735005311236 2712914272062403326 6662709666906908662 1 1 2698791760681200802 1 2 2698791760681200802 1 2 1 1 4179246928858025338 4629375795051702006 6983302984378186607 1
7873976156514175383 7873976156514175384 1919475735005311236 3419334970278881395 6662709666906908662 1 1 2698791760681200802 1 2 2698791760681200802 1 2 1 1 4179246928858025338 3188713341604136687 6983302984378186607 1
7873976156514175383 7873976156514175384 1919475735005311236 5079047349361759057 6662709666906908662 1 1 2698791760681200802 1 2 2698791760681200802 1 2 1 1 4179246928858025338 5294748769691716098 6983302984378186607 1
7873976156514175383 7873976156514175384 1919475735005311236 8291612587797725633 6662709666906908662 1 1 2698791760681200802 1 2 2698791760681200802 1 2 1 1 4179246928858025338 2976993638477399482 6983302984378186607 1
7873976156514175383 7873976156514175384 1919475735005311236 2195311003313316102 6662709666906908662 1 1 2698791760681200802 1 2 2698791760681200802 1 2 1 1 4179246928858025338 4438813507535801687 6983302984378186607 1
7873976156514175383 7873976156514175384 1919475735005311236 3992863403747119653 6662709666906908662 1 1 2698791760681200802 1 2 2698791760681200802 1 2 1 1 4179246928858025338 7970639679497950639 6983302984378186607 1
7873976156514175383 7873976156514175384 1919475735005311236 3242415393829040945 6662709666906908662 1 1 2698791760681200802 1 2 2698791760681200802 1 2 1 1 4179246928858025338 3276417441193223831 6983302984378186607 1
7873976156514175383 7873976156514175384 1919475735005311236 8928947998536417400 6662709666906908662 1 1 2698791760681200802 1 2 2698791760681200802 1 2 1 1 4179246928858025338 708099978036735222 6983302984378186607 1
