6949857439679329994 5132726794609262459 646523803540628271
6949857439679329994 5132726794609262459 8381275042627083143
6949857439679329994 5132726794609262459 2950948691340136344
6949857439679329994 5132726794609262459 4913132939340094152
6949857439679329994 5132726794609262459 3905519607977044894
6949857439679329994 5132726794609262459 3725336619264027052
6949857439679329994 5132726794609262459 2480132724048899205
6949857439679329994 5132726794609262459 5850562457127768291
6949857439679329994 5132726794609262459 6500376872168437228
6949857439679329994 5132726794609262459 7380332664837782905
6949857439679329994 5132726794609262459 8595734756047455604
6949857439679329994 5132726794609262459 2879627619870472682
