1 0 0 9223372036854775782 0 0 0 0 0 0 0 0 0 0 0 0 0 0 0 0 0 0 0 0 0 0 0 0 0 0 0 0 0 0 0 0 
0 1 0 0 0 0 0 0 0 0 0 0 0 0 0 0 3023085159934520728 0 9155460732702558276 0 0 0 0 0 0 0 0 0 0 0 0 0 1526600817826338078 0 6268198181072472561 0 
0 0 1 0 0 0 0 0 0 0 0 0 0 0 0 0 0 0 0 0 0 0 0 0 0 0 0 0 0 0 0 0 9223372036854775782 0 0 0 
0 0 0 0 1 0 0 0 0 0 0 0 0 0 0 0 3023085159934520728 0 9155460732702558276 0 0 0 0 0 0 0 0 0 0 0 0 0 1526600817826338078 0 6268198181072472561 0 
0 0 0 0 0 1 0 0 0 0 0 0 0 0 0 0 2348895831265839343 0 0 0 0 0 0 0 0 0 0 0 0 0 0 0 0 0 0 3437238102794468220 
0 0 0 0 0 0 1 0 0 0 0 0 0 0 0 0 2348895831265839343 0 0 0 0 0 0 0 0 0 0 0 0 0 0 0 0 0 0 3437238102794468220 
0 0 0 0 0 0 0 1 0 0 0 0 0 0 0 0 0 0 0 0 0 0 0 0 0 0 0 0 0 0 0 0 0 0 0 695389104760951532 
0 0 0 0 0 0 0 0 1 0 0 0 0 0 0 0 0 0 0 0 0 0 0 0 0 0 0 0 0 0 0 0 0 0 0 695389104760951532 
0 0 0 0 0 0 0 0 0 1 0 0 0 0 0 0 0 0 5786133934060307561 0 0 0 0 0 0 0 0 0 0 0 0 0 0 0 0 9223372036854775782 
0 0 0 0 0 0 0 0 0 0 1 0 0 0 0 0 0 0 5786133934060307561 0 0 0 0 0 0 0 0 0 0 0 0 0 0 0 0 9223372036854775782 
0 0 0 0 0 0 0 0 0 0 0 1 0 0 0 0 0 0 695389104760951532 0 0 0 0 0 0 0 0 0 0 0 0 0 0 0 0 9223372036854775782 
0 0 0 0 0 0 0 0 0 0 0 0 1 0 0 0 0 0 695389104760951532 0 0 0 0 0 0 0 0 0 0 0 0 0 0 0 0 9223372036854775782 
0 0 0 0 0 0 0 0 0 0 0 0 0 1 0 0 0 0 0 0 0 0 0 0 0 0 0 0 0 0 0 0 0 0 1958200494048849802 1479037608745618418 
0 0 0 0 0 0 0 0 0 0 0 0 0 0 1 0 0 0 0 0 0 0 0 0 0 0 0 0 0 0 0 0 0 0 1958200494048849802 1479037608745618418 
0 0 0 0 0 0 0 0 0 0 0 0 0 0 0 1 9223372036854775782 0 0 0 0 0 0 0 0 0 0 0 0 0 0 0 0 0 0 0 
0 0 0 0 0 0 0 0 0 0 0 0 0 0 0 0 0 1 9223372036854775782 0 0 0 0 0 0 0 0 0 0 0 0 0 0 0 0 0 
0 0 0 0 0 0 0 0 0 0 0 0 0 0 0 0 0 0 0 1 0 0 0 0 0 0 0 0 0 0 0 0 0 0 0 0 
0 0 0 0 0 0 0 0 0 0 0 0 0 0 0 0 0 0 0 0 1 0 0 0 0 0 0 0 0 0 0 0 0 0 0 0 
0 0 0 0 0 0 0 0 0 0 0 0 0 0 0 0 0 0 0 0 0 1 0 0 0 0 0 0 0 0 0 0 0 0 0 9223372036854775781 
0 0 0 0 0 0 0 0 0 0 0 0 0 0 0 0 0 0 0 0 0 0 1 0 0 0 0 0 0 0 0 0 0 0 0 9223372036854775781 
0 0 0 0 0 0 0 0 0 0 0 0 0 0 0 0 0 0 0 0 0 0 0 1 0 0 0 0 0 0 0 0 0 0 0 1390778209521903064 
0 0 0 0 0 0 0 0 0 0 0 0 0 0 0 0 0 0 0 0 0 0 0 0 1 0 0 0 0 0 0 0 0 0 0 1390778209521903064 
0 0 0 0 0 0 0 0 0 0 0 0 0 0 0 0 0 0 0 0 0 0 0 0 0 1 0 0 0 0 0 0 0 0 0 2348895831265839341 
0 0 0 0 0 0 0 0 0 0 0 0 0 0 0 0 0 0 0 0 0 0 0 0 0 0 1 0 0 0 0 0 0 0 0 0 
0 0 0 0 0 0 0 0 0 0 0 0 0 0 0 0 0 0 0 0 0 0 0 0 0 0 0 1 0 0 0 0 0 0 0 0 
0 0 0 0 0 0 0 0 0 0 0 0 0 0 0 0 0 0 0 0 0 0 0 0 0 0 0 0 1 0 0 0 0 0 0 9223372036854775782 
0 0 0 0 0 0 0 0 0 0 0 0 0 0 0 0 0 0 0 0 0 0 0 0 0 0 0 0 0 1 0 0 0 0 0 9223372036854775782 
