1 1369431435934143252 1 5807433291911102568 5807433291911102568 4861557033117655734 7618822673815361140 7534516360555543952 1 6975090826406275803 6975090826406275803 6618063281183763644 7996561752307585108 6618063281183763644 7996561752307585108 1 2 2 4747142788532606916 6627587835310067602 9098081853036972307 7624337734589355358 2373571394266303458 9098081853036972307 6627587835310067602 7624337734589355358 2373571394266303458 2198648300155357958 5461671028037856470 2198648300155357958 5461671028037856470 7939765521484775785 1
1 8613713485343831640 1 1440362250433590917 1440362250433590917 243265612054029753 8069865528956393222 1933285348405612363 1 6975090826406275803 6975090826406275803 6618063281183763644 549272836344062025 6618063281183763644 549272836344062025 1 2 2 4747142788532606916 6627587835310067602 9098081853036972307 7269238399014728487 2373571394266303458 9098081853036972307 6627587835310067602 7269238399014728487 2373571394266303458 2198648300155357958 7473915779300199381 2198648300155357958 7473915779300199381 8881434988037648035 1
1 5105914056691704473 1 8440415449572145607 8440415449572145607 5574102748427042133 7538410155262850352 4791071652506936671 1 6975090826406275803 6975090826406275803 6618063281183763644 8852241111078907167 6618063281183763644 8852241111078907167 1 2 2 4747142788532606916 6627587835310067602 9098081853036972307 6665114974163264149 2373571394266303458 9098081853036972307 6627587835310067602 6665114974163264149 2373571394266303458 2198648300155357958 906096043598893824 2198648300155357958 906096043598893824 657902505933494412 1
1 8811549304947961684 1 3787628358264369858 3787628358264369858 2343298157916351671 836443505303041487 2032203258207677385 1 6975090826406275803 6975090826406275803 6618063281183763644 7955937695215917332 6618063281183763644 7955937695215917332 1 2 2 4747142788532606916 6627587835310067602 9098081853036972307 6549962296872284369 2373571394266303458 9098081853036972307 6627587835310067602 6549962296872284369 2373571394266303458 2198648300155357958 4520724853688459932 2198648300155357958 4520724853688459932 173332347694318056 1
1 212422411481345466 1 6736186668131991864 6736186668131991864 3920924279141445305 8054548870862606383 6956011848329145059 1 6975090826406275803 6975090826406275803 6618063281183763644 24877143334453970 6618063281183763644 24877143334453970 1 2 2 4747142788532606916 6627587835310067602 9098081853036972307 6587137980397368067 2373571394266303458 9098081853036972307 6627587835310067602 6587137980397368067 2373571394266303458 2198648300155357958 9131777075957308144 2198648300155357958 9131777075957308144 1049477011669571703 1
1 2806779310735853286 1 7388465984725282121 7388465984725282121 8961266674794916806 3528713994369631022 8253190297956398969 1 6975090826406275803 6975090826406275803 6618063281183763644 5168645680085539654 6618063281183763644 5168645680085539654 1 2 2 4747142788532606916 6627587835310067602 9098081853036972307 117658047169868283 2373571394266303458 9098081853036972307 6627587835310067602 117658047169868283 2373571394266303458 2198648300155357958 7532906187012512723 2198648300155357958 7532906187012512723 3192953745892786351 1
1 5232417018828393050 1 3762965768918398129 3762965768918398129 6926496879771085597 6681120413888608915 242637115147893068 1 6975090826406275803 6975090826406275803 6618063281183763644 6518915429118205504 6618063281183763644 6518915429118205504 1 2 2 4747142788532606916 6627587835310067602 9098081853036972307 7647641800925155402 2373571394266303458 9098081853036972307 6627587835310067602 7647641800925155402 2373571394266303458 2198648300155357958 3886010950413297196 2198648300155357958 3886010950413297196 8773554793883044102 1
1 3410676445685220674 1 4300224232349774939 4300224232349774939 2361229440533924852 2905854440097116780 8555138865431082663 1 6975090826406275803 6975090826406275803 6618063281183763644 2673407705425845602 6618063281183763644 2673407705425845602 1 2 2 4747142788532606916 6627587835310067602 9098081853036972307 1114255030374111353 2373571394266303458 9098081853036972307 6627587835310067602 1114255030374111353 2373571394266303458 2198648300155357958 4107665306809163678 2198648300155357958 4107665306809163678 6761491224413569996 1
1 4264144891791001925 1 5346766382660608832 5346766382660608832 3698082080717974089 4774657956313069169 4370187070056585397 1 6975090826406275803 6975090826406275803 6618063281183763644 4479564284879334497 6618063281183763644 4479564284879334497 1 2 2 4747142788532606916 6627587835310067602 9098081853036972307 1982149160260302884 2373571394266303458 9098081853036972307 6627587835310067602 1982149160260302884 2373571394266303458 2198648300155357958 1315489349225219831 2198648300155357958 1315489349225219831 4282926962483452591 1
1 2014246399660620114 1 2569735622327264891 2569735622327264891 3100538817329028545 5089827042325947339 7856923842418782383 1 6975090826406275803 6975090826406275803 6618063281183763644 5092235535930857452 6618063281183763644 5092235535930857452 1 2 2 4747142788532606916 6627587835310067602 9098081853036972307 6570690554338434691 2373571394266303458 9098081853036972307 6627587835310067602 6570690554338434691 2373571394266303458 2198648300155357958 8965028727595599127 2198648300155357958 8965028727595599127 7776050920530464171 1
1 807610873897432703 1 6127199008397864134 6127199008397864134 9205360656662251174 2684918308028746566 2641920061109800786 1 6975090826406275803 6975090826406275803 6618063281183763644 1067551581155101153 6618063281183763644 1067551581155101153 1 2 2 4747142788532606916 6627587835310067602 9098081853036972307 2001044724225357232 2373571394266303458 9098081853036972307 6627587835310067602 2001044724225357232 2373571394266303458 2198648300155357958 5860897306008767658 2198648300155357958 5860897306008767658 7595010763678907124 1
1 2530041725713611340 1 6787492396122630481 6787492396122630481 6590065919415940787 4287442162908036830 8114821505445277996 1 6975090826406275803 6975090826406275803 6618063281183763644 1333159422385893017 6618063281183763644 1333159422385893017 1 2 2 4747142788532606916 6627587835310067602 9098081853036972307 3993856776766009963 2373571394266303458 9098081853036972307 6627587835310067602 3993856776766009963 2373571394266303458 2198648300155357958 8076597691499531972 2198648300155357958 8076597691499531972 1411218869009188956 1
