6904944498994243153 2083599032800519113 740043990852797053
6904944498994243153 2083599032800519113 7859828578516432157
6904944498994243153 2083599032800519113 161124231649255137
6904944498994243153 2083599032800519113 8132738341006928650
6904944498994243153 2083599032800519113 1936120623058320493
6904944498994243153 2083599032800519113 4409171413073196619
6904944498994243153 2083599032800519113 3833136086546879085
6904944498994243153 2083599032800519113 7858206802661280774
6904944498994243153 2083599032800519113 7777039215788725813
6904944498994243153 2083599032800519113 3725482016722442137
6904944498994243153 2083599032800519113 1068919734357466703
6904944498994243153 2083599032800519113 6402911035244364627
