1 0 0 0 0 0 0 0 5334207042430213629 0 0 0 0 7230220346898345498 3889164994424562153 0 0 
0 1 0 0 0 0 0 0 0 0 0 0 0 0 0 0 8949317215879386378 
0 0 1 0 0 0 0 0 0 0 0 0 0 0 0 0 8949317215879386378 
0 0 0 1 0 0 0 0 0 0 0 0 0 0 2246301286198015843 0 0 
0 0 0 0 1 0 0 0 4730769464458744097 0 0 0 0 0 0 0 2246301286198015842 
0 0 0 0 0 1 0 0 4730769464458744097 0 0 0 0 0 0 0 2246301286198015842 
0 0 0 0 0 0 1 0 0 0 0 0 0 0 2246301286198015843 0 0 
0 0 0 0 0 0 0 1 9223372036854775782 0 0 0 0 0 0 0 0 
0 0 0 0 0 0 0 0 0 1 0 0 0 0 0 0 8675262394903996973 
0 0 0 0 0 0 0 0 0 0 1 0 0 0 0 0 9223372036854775781 
0 0 0 0 0 0 0 0 0 0 0 1 0 0 0 0 9223372036854775781 
