1 0 0 0 0 0 0 0 1214263829591236198 0 0 0 0 7012379709945416257 8009108207263539584 0 0 
0 1 0 0 0 0 0 0 0 0 0 0 0 0 0 0 108767666136556435 
0 0 1 0 0 0 0 0 0 0 0 0 0 0 0 0 108767666136556435 
0 0 0 1 0 0 0 0 0 0 0 0 0 0 7348605969971059866 0 0 
0 0 0 0 1 0 0 0 3749532133767431834 0 0 0 0 0 0 0 7348605969971059865 
0 0 0 0 0 1 0 0 3749532133767431834 0 0 0 0 0 0 0 7348605969971059865 
0 0 0 0 0 0 1 0 0 0 0 0 0 0 7348605969971059866 0 0 
0 0 0 0 0 0 0 1 9223372036854775782 0 0 0 0 0 0 0 0 
0 0 0 0 0 0 0 0 0 1 0 0 0 0 0 0 217535332273112870 
0 0 0 0 0 0 0 0 0 0 1 0 0 0 0 0 9223372036854775781 
0 0 0 0 0 0 0 0 0 0 0 1 0 0 0 0 9223372036854775781 
