0 1 0 0 0 0 0 0 0 0 0 0 3112438388082209420 0 0 0 0 8342694840730031373 6110933648772566362 0 0 
0 0 1 0 5772759639882379943 0 0 0 0 0 0 0 0 0 0 0 0 0 3936783444791309299 0 0 
0 0 0 1 6110933648772566362 0 0 0 0 0 0 0 0 0 0 0 0 0 5019252448625321498 0 0 
0 0 0 0 0 1 0 0 0 0 0 0 0 0 0 0 0 0 0 0 2672099790019837215 
0 0 0 0 0 0 1 0 0 0 0 0 0 0 0 0 0 0 0 0 2672099790019837215 
0 0 0 0 0 0 0 1 0 0 0 0 0 0 0 0 0 0 8902224983733026644 0 0 
0 0 0 0 0 0 0 0 1 0 0 0 642294106243498278 0 0 0 0 0 0 0 8902224983733026643 
0 0 0 0 0 0 0 0 0 1 0 0 642294106243498278 0 0 0 0 0 0 0 8902224983733026643 
0 0 0 0 0 0 0 0 0 0 1 0 0 0 0 0 0 0 8902224983733026644 0 0 
0 0 0 0 0 0 0 0 0 0 0 1 9223372036854775782 0 0 0 0 0 0 0 0 
0 0 0 0 0 0 0 0 0 0 0 0 0 1 0 0 0 0 0 0 5344199580039674430 
0 0 0 0 0 0 0 0 0 0 0 0 0 0 1 0 0 0 0 0 9223372036854775781 
0 0 0 0 0 0 0 0 0 0 0 0 0 0 0 1 0 0 0 0 9223372036854775781 
