1 0 0 0 0 0 0 0 0 0 0 0 5856493811236940749 2644559300016045959 
0 0 1 0 0 0 0 0 0 0 0 0 567375211204848826 3568903057042068690 
0 0 0 1 0 0 0 0 0 0 0 0 3327459965725912801 9223372036854775782 
0 0 0 0 1 0 0 0 0 0 0 0 3327459965725912802 9223372036854775782 
0 0 0 0 0 1 0 0 0 0 0 0 0 9223372036854775781 
0 0 0 0 0 0 1 0 0 0 0 0 0 9223372036854775781 
0 0 0 0 0 0 0 1 0 0 0 0 0 9223372036854775782 
0 0 0 0 0 0 0 0 1 0 0 0 0 9223372036854775782 
0 0 0 0 0 0 0 0 0 1 0 0 0 2568452105402950177 
0 0 0 0 0 0 0 0 0 0 1 0 0 2568452105402950177 
0 0 0 0 0 0 0 0 0 0 0 1 0 9223372036854775782 
