1 0 0 0 0 0 0 0 0 0 0 0 2560662369947867121 2240069052476589176 
0 0 1 0 0 0 0 0 0 0 0 0 7303896301849464547 5044125107996750445 
0 0 0 1 0 0 0 0 0 0 0 0 1349395880340600399 9223372036854775782 
0 0 0 0 1 0 0 0 0 0 0 0 1349395880340600400 9223372036854775782 
0 0 0 0 0 1 0 0 0 0 0 0 0 9223372036854775781 
0 0 0 0 0 0 1 0 0 0 0 0 0 9223372036854775781 
0 0 0 0 0 0 0 1 0 0 0 0 0 9223372036854775782 
0 0 0 0 0 0 0 0 1 0 0 0 0 9223372036854775782 
0 0 0 0 0 0 0 0 0 1 0 0 0 6524580276173574981 
0 0 0 0 0 0 0 0 0 0 1 0 0 6524580276173574981 
0 0 0 0 0 0 0 0 0 0 0 1 0 9223372036854775782 
