0 1 0 0 0 0 0 0 9129171756128571762 163233937638644978 0 0 0 0 0 0 0 0 0 7428576180700880348 0 9154338379942334825 0 
0 0 1 0 0 0 0 0 6100429058710900625 0 0 0 0 0 0 0 0 0 0 0 0 0 9223372036854775782 
0 0 0 1 0 0 0 0 3620087809624236152 0 0 0 0 0 0 0 0 0 0 0 0 0 9223372036854775782 
0 0 0 0 1 0 0 0 0 0 0 0 0 0 0 0 0 0 0 0 0 1144916961460167854 1978026016683707301 
0 0 0 0 0 1 0 0 0 0 0 0 0 0 0 0 0 0 0 0 0 0 3620087809624236153 
0 0 0 0 0 0 1 0 0 0 0 0 0 0 0 0 0 0 0 0 0 5100968994827582458 7245346020171068481 
0 0 0 0 0 0 0 1 0 2977486080567025471 0 0 0 0 0 0 0 0 0 0 0 0 3122942978143875156 
0 0 0 0 0 0 0 0 0 0 1 0 0 0 0 0 0 0 0 0 0 0 2977486080567025469 
0 0 0 0 0 0 0 0 0 0 0 1 0 0 0 0 0 0 0 0 0 0 9223372036854775781 
0 0 0 0 0 0 0 0 0 0 0 0 1 0 0 0 0 0 0 0 0 0 9223372036854775781 
0 0 0 0 0 0 0 0 0 0 0 0 0 1 0 0 0 0 0 0 0 0 7240175619248472306 
0 0 0 0 0 0 0 0 0 0 0 0 0 0 1 0 0 0 0 0 0 0 0 
0 0 0 0 0 0 0 0 0 0 0 0 0 0 0 1 0 0 0 0 0 0 0 
0 0 0 0 0 0 0 0 0 0 0 0 0 0 0 0 1 0 0 0 0 0 9223372036854775782 
