0 1 0 0 0 0 0 0 0 0 0 2792063670859690715 1490485746296990875 0 0 0 0 0 0 0 0 5912759292310840141 0 4940822619698094192 0 0 
0 0 1 0 0 0 0 0 0 0 0 0 0 0 0 0 0 0 0 0 0 0 0 0 0 1136757298587722894 
0 0 0 1 0 0 0 0 0 0 0 1136757298587722893 0 0 0 0 0 0 0 0 0 0 0 0 0 9223372036854775782 
0 0 0 0 1 0 0 0 0 0 0 0 0 0 0 0 0 0 0 0 0 0 0 7006493448453281741 0 5398958508111973598 
0 0 0 0 0 1 0 0 0 0 0 0 2859212197433816669 0 0 0 0 0 0 0 0 0 0 0 0 3182079919710479557 
0 0 0 0 0 0 1 0 0 0 0 6041292117144296224 0 0 0 0 0 0 0 0 0 0 0 0 0 9223372036854775782 
0 0 0 0 0 0 0 1 0 0 0 0 0 0 0 0 0 0 0 0 0 0 0 8581038427822453156 0 3824413528742802184 
0 0 0 0 0 0 0 0 1 0 0 0 0 0 0 0 0 0 0 0 0 0 0 0 0 6041292117144296225 
0 0 0 0 0 0 0 0 0 1 0 0 2273514597175445790 0 0 0 0 0 0 0 0 0 0 0 0 8086614738267052888 
0 0 0 0 0 0 0 0 0 0 1 0 9223372036854775782 0 0 0 0 0 0 0 0 0 0 0 0 0 
0 0 0 0 0 0 0 0 0 0 0 0 0 1 0 0 0 0 0 0 0 0 0 0 0 2273514597175445788 
0 0 0 0 0 0 0 0 0 0 0 0 0 0 1 0 0 0 0 0 0 0 0 0 0 9223372036854775781 
0 0 0 0 0 0 0 0 0 0 0 0 0 0 0 1 0 0 0 0 0 0 0 0 0 0 
0 0 0 0 0 0 0 0 0 0 0 0 0 0 0 0 1 0 0 0 0 0 0 0 0 9223372036854775781 
0 0 0 0 0 0 0 0 0 0 0 0 0 0 0 0 0 1 0 0 0 0 0 0 0 2859212197433816667 
0 0 0 0 0 0 0 0 0 0 0 0 0 0 0 0 0 0 1 0 0 0 0 0 0 0 
0 0 0 0 0 0 0 0 0 0 0 0 0 0 0 0 0 0 0 1 0 0 0 0 0 9223372036854775782 
