1 0 9223372036854775782 0 1725601004159459168 0 0 0 0 0 0 0 0 0 0 0 0 0 0 9223372036854775779 0 0 
0 1 9223372036854775782 0 6766850046297280971 0 0 0 0 0 0 0 0 0 0 0 0 0 0 0 0 0 
0 0 0 1 9223372036854775782 0 0 0 0 0 0 0 0 0 0 0 0 0 0 2 0 0 
0 0 0 0 0 1 0 0 0 0 0 0 0 0 0 0 0 0 0 0 0 0 
0 0 0 0 0 0 1 0 0 0 0 0 0 0 0 0 0 0 0 0 0 0 
0 0 0 0 0 0 0 1 0 0 0 0 0 0 0 0 0 0 0 0 0 9223372036854775781 
0 0 0 0 0 0 0 0 1 0 0 0 0 0 0 0 0 0 0 0 0 9223372036854775781 
0 0 0 0 0 0 0 0 0 1 9223372036854775782 0 0 0 0 0 0 0 0 0 0 0 
0 0 0 0 0 0 0 0 0 0 0 1 0 0 0 0 0 0 0 0 0 4494631240285567900 
0 0 0 0 0 0 0 0 0 0 0 0 1 0 0 0 0 0 0 0 0 0 
0 0 0 0 0 0 0 0 0 0 0 0 0 1 0 0 0 0 0 0 0 0 
0 0 0 0 0 0 0 0 0 0 0 0 0 0 1 0 0 0 0 0 0 9223372036854775782 
0 0 0 0 0 0 0 0 0 0 0 0 0 0 0 1 0 0 0 0 0 9223372036854775782 
