1983196417606303476 994289662960721996 754664433609860896
1983196417606303476 994289662960721996 2513100034665821488
1983196417606303476 994289662960721996 7440323953018573791
1983196417606303476 994289662960721996 7076684359777233664
1983196417606303476 994289662960721996 4008299964256794678
1983196417606303476 994289662960721996 1499772571081730777
1983196417606303476 994289662960721996 2307278290769550226
1983196417606303476 994289662960721996 3632962667140705951
1983196417606303476 994289662960721996 3434172157788888164
1983196417606303476 994289662960721996 757833114013277686
1983196417606303476 994289662960721996 4226103442049469880
1983196417606303476 994289662960721996 1013316171371177965
