3739674040787742408 7832593827332872719 4756205437421563915
3739674040787742408 7832593827332872719 1249261515711333161
3739674040787742408 7832593827332872719 4953881106488288813
3739674040787742408 7832593827332872719 6213812794276927412
3739674040787742408 7832593827332872719 7959390836326471668
3739674040787742408 7832593827332872719 1625903207600650048
3739674040787742408 7832593827332872719 4835192425903847417
3739674040787742408 7832593827332872719 7552379214104994514
3739674040787742408 7832593827332872719 5916769500797292125
3739674040787742408 7832593827332872719 6957713947942260193
3739674040787742408 7832593827332872719 9105615418916549711
3739674040787742408 7832593827332872719 92581390407237060
