1 4730769464458744097 0 0 0 0 0 0 0 5341135156701626295 0 0 0 0 0 0 8577076362477901020 0 
0 0 1 0 0 0 0 0 0 0 0 0 0 0 0 0 0 8949317215879386378 
0 0 0 1 0 0 0 0 0 0 0 0 0 0 0 0 0 8949317215879386378 
0 0 0 0 1 0 0 0 0 4730769464458744097 0 0 0 0 0 0 0 2246301286198015842 
0 0 0 0 0 1 0 0 0 4730769464458744097 0 0 0 0 0 0 0 2246301286198015842 
0 0 0 0 0 0 1 0 0 0 0 0 0 0 0 0 1199217459737134836 8298209398093030350 
0 0 0 0 0 0 0 1 0 0 0 0 0 0 0 0 1199217459737134836 8298209398093030350 
0 0 0 0 0 0 0 0 1 9223372036854775782 0 0 0 0 0 0 0 0 
0 0 0 0 0 0 0 0 0 0 1 0 0 0 0 0 0 8675262394903996973 
0 0 0 0 0 0 0 0 0 0 0 1 0 0 0 0 0 9223372036854775781 
0 0 0 0 0 0 0 0 0 0 0 0 1 0 0 0 0 9223372036854775781 
